 0.00000000e+00  4.10000000e+00  4.13157895e+00  4.16315789e+00  4.19473684e+00  4.22631579e+00  4.25789474e+00  4.28947368e+00  4.32105263e+00  4.35263158e+00  4.38421053e+00  4.41578947e+00  4.44736842e+00  4.47894737e+00  4.51052632e+00  4.54210526e+00  4.57368421e+00  4.60526316e+00  4.63684211e+00  4.66842105e+00  4.70000000e+00
-2.00000000e+01  9.79788182e-01  9.19182727e-01  8.68678182e-01  8.78779091e-01  8.78779091e-01  8.68678182e-01  8.88880000e-01  8.68678182e-01  8.68678182e-01  8.48476364e-01  8.28274545e-01  8.28274545e-01  8.68678182e-01  8.38375455e-01  8.48476364e-01  8.68678182e-01  9.69687273e-01  9.99990000e-01  9.99990000e-01  8.58577273e-01
-1.94736842e+01  9.29283636e-01  9.39384545e-01  8.68678182e-01  8.58577273e-01  8.68678182e-01  8.58577273e-01  8.78779091e-01  8.68678182e-01  8.58577273e-01  8.48476364e-01  8.28274545e-01  8.18173636e-01  8.58577273e-01  8.48476364e-01  8.38375455e-01  8.38375455e-01  9.19182727e-01  9.99990000e-01  9.99990000e-01  9.39384545e-01
-1.89473684e+01  8.88880000e-01  9.59586364e-01  8.78779091e-01  8.38375455e-01  8.48476364e-01  8.48476364e-01  8.48476364e-01  8.68678182e-01  8.58577273e-01  8.48476364e-01  8.18173636e-01  8.18173636e-01  8.28274545e-01  8.58577273e-01  8.28274545e-01  8.28274545e-01  8.58577273e-01  9.69687273e-01  9.99990000e-01  9.99990000e-01
-1.84210526e+01  8.28274545e-01  9.39384545e-01  8.98980909e-01  8.28274545e-01  8.28274545e-01  8.38375455e-01  8.38375455e-01  8.58577273e-01  8.58577273e-01  8.38375455e-01  8.28274545e-01  8.08072727e-01  8.08072727e-01  8.48476364e-01  8.28274545e-01  8.18173636e-01  8.18173636e-01  9.19182727e-01  9.99990000e-01  9.99990000e-01
-1.78947368e+01  7.77770000e-01  8.88880000e-01  9.19182727e-01  8.38375455e-01  8.08072727e-01  8.18173636e-01  8.18173636e-01  8.38375455e-01  8.48476364e-01  8.38375455e-01  8.28274545e-01  8.08072727e-01  7.97971818e-01  8.28274545e-01  8.38375455e-01  8.18173636e-01  8.08072727e-01  8.58577273e-01  9.59586364e-01  9.99990000e-01
-1.73684211e+01  7.27265455e-01  8.28274545e-01  8.98980909e-01  8.48476364e-01  7.97971818e-01  7.97971818e-01  8.08072727e-01  8.08072727e-01  8.38375455e-01  8.38375455e-01  8.28274545e-01  8.08072727e-01  7.97971818e-01  8.08072727e-01  8.38375455e-01  8.18173636e-01  7.97971818e-01  8.08072727e-01  9.19182727e-01  9.89889091e-01
-1.68421053e+01  6.76760909e-01  7.67669091e-01  8.68678182e-01  8.68678182e-01  7.97971818e-01  7.77770000e-01  7.87870909e-01  7.87870909e-01  8.18173636e-01  8.28274545e-01  8.18173636e-01  8.08072727e-01  7.87870909e-01  7.87870909e-01  8.18173636e-01  8.18173636e-01  7.97971818e-01  7.87870909e-01  8.48476364e-01  9.49485455e-01
-1.63157895e+01  6.26256364e-01  7.17164545e-01  8.08072727e-01  8.68678182e-01  8.08072727e-01  7.67669091e-01  7.77770000e-01  7.77770000e-01  7.87870909e-01  8.18173636e-01  8.18173636e-01  8.08072727e-01  7.87870909e-01  7.77770000e-01  7.97971818e-01  8.28274545e-01  7.97971818e-01  7.87870909e-01  7.97971818e-01  9.09081818e-01
-1.57894737e+01  5.75751818e-01  6.56559091e-01  7.47467273e-01  8.28274545e-01  8.28274545e-01  7.67669091e-01  7.57568182e-01  7.67669091e-01  7.67669091e-01  7.97971818e-01  8.08072727e-01  8.08072727e-01  7.87870909e-01  7.77770000e-01  7.77770000e-01  8.08072727e-01  8.08072727e-01  7.87870909e-01  7.77770000e-01  8.38375455e-01
-1.52631579e+01  5.25247273e-01  6.06054545e-01  6.86861818e-01  7.77770000e-01  8.18173636e-01  7.77770000e-01  7.37366364e-01  7.47467273e-01  7.47467273e-01  7.67669091e-01  7.87870909e-01  7.97971818e-01  7.97971818e-01  7.77770000e-01  7.67669091e-01  7.87870909e-01  8.08072727e-01  7.87870909e-01  7.67669091e-01  7.87870909e-01
-1.47368421e+01  4.94944545e-01  5.55550000e-01  6.36357273e-01  7.17164545e-01  7.87870909e-01  7.87870909e-01  7.37366364e-01  7.27265455e-01  7.37366364e-01  7.47467273e-01  7.67669091e-01  7.87870909e-01  7.87870909e-01  7.77770000e-01  7.57568182e-01  7.67669091e-01  7.87870909e-01  7.87870909e-01  7.77770000e-01  7.67669091e-01
-1.42105263e+01  4.74742727e-01  5.05045455e-01  5.75751818e-01  6.56559091e-01  7.37366364e-01  7.67669091e-01  7.37366364e-01  7.07063636e-01  7.17164545e-01  7.27265455e-01  7.47467273e-01  7.67669091e-01  7.77770000e-01  7.77770000e-01  7.57568182e-01  7.57568182e-01  7.67669091e-01  7.77770000e-01  7.77770000e-01  7.57568182e-01
-1.36842105e+01  4.74742727e-01  4.74742727e-01  5.25247273e-01  5.95953636e-01  6.76760909e-01  7.37366364e-01  7.47467273e-01  7.07063636e-01  6.96962727e-01  7.07063636e-01  7.17164545e-01  7.37366364e-01  7.57568182e-01  7.67669091e-01  7.57568182e-01  7.47467273e-01  7.47467273e-01  7.67669091e-01  7.67669091e-01  7.57568182e-01
-1.31578947e+01  4.84843636e-01  4.64641818e-01  4.94944545e-01  5.45449091e-01  6.16155455e-01  6.86861818e-01  7.27265455e-01  7.07063636e-01  6.76760909e-01  6.86861818e-01  6.96962727e-01  7.17164545e-01  7.37366364e-01  7.47467273e-01  7.57568182e-01  7.47467273e-01  7.37366364e-01  7.37366364e-01  7.57568182e-01  7.57568182e-01
-1.26315789e+01  4.94944545e-01  4.74742727e-01  4.74742727e-01  5.05045455e-01  5.65650909e-01  6.26256364e-01  6.86861818e-01  6.96962727e-01  6.76760909e-01  6.66660000e-01  6.76760909e-01  6.86861818e-01  7.07063636e-01  7.27265455e-01  7.37366364e-01  7.37366364e-01  7.27265455e-01  7.27265455e-01  7.27265455e-01  7.37366364e-01
-1.21052632e+01  4.94944545e-01  4.84843636e-01  4.64641818e-01  4.84843636e-01  5.15146364e-01  5.75751818e-01  6.36357273e-01  6.76760909e-01  6.76760909e-01  6.56559091e-01  6.56559091e-01  6.66660000e-01  6.76760909e-01  6.96962727e-01  7.17164545e-01  7.27265455e-01  7.17164545e-01  7.17164545e-01  7.07063636e-01  7.17164545e-01
-1.15789474e+01  4.74742727e-01  4.84843636e-01  4.74742727e-01  4.74742727e-01  4.94944545e-01  5.35348182e-01  5.85852727e-01  6.36357273e-01  6.56559091e-01  6.56559091e-01  6.36357273e-01  6.46458182e-01  6.56559091e-01  6.76760909e-01  6.86861818e-01  6.96962727e-01  7.07063636e-01  7.07063636e-01  6.96962727e-01  6.96962727e-01
-1.10526316e+01  4.44440000e-01  4.74742727e-01  4.84843636e-01  4.74742727e-01  4.74742727e-01  5.05045455e-01  5.35348182e-01  5.85852727e-01  6.26256364e-01  6.36357273e-01  6.26256364e-01  6.26256364e-01  6.36357273e-01  6.46458182e-01  6.56559091e-01  6.76760909e-01  6.86861818e-01  6.86861818e-01  6.86861818e-01  6.76760909e-01
-1.05263158e+01  4.14137273e-01  4.44440000e-01  4.74742727e-01  4.84843636e-01  4.74742727e-01  4.84843636e-01  5.05045455e-01  5.45449091e-01  5.85852727e-01  6.16155455e-01  6.16155455e-01  6.16155455e-01  6.16155455e-01  6.16155455e-01  6.36357273e-01  6.46458182e-01  6.56559091e-01  6.66660000e-01  6.66660000e-01  6.66660000e-01
-1.00000000e+01  3.93935455e-01  4.24238182e-01  4.54540909e-01  4.74742727e-01  4.84843636e-01  4.84843636e-01  4.94944545e-01  5.15146364e-01  5.45449091e-01  5.75751818e-01  5.95953636e-01  6.06054545e-01  5.95953636e-01  5.95953636e-01  6.06054545e-01  6.16155455e-01  6.26256364e-01  6.36357273e-01  6.46458182e-01  6.46458182e-01