   0.0000000000000000        4.0999999999999996        4.1315789473684204        4.1631578947368419        4.1947368421052627        4.2263157894736842        4.2578947368421050        4.2894736842105265        4.3210526315789473        4.3526315789473680        4.3842105263157896        4.4157894736842103        4.4473684210526319        4.4789473684210526        4.5105263157894733        4.5421052631578949        4.5736842105263156        4.6052631578947372        4.6368421052631579        4.6684210526315795        4.7000000000000002     
  -20.000000000000000       0.30955572327936726       0.30974303823022692       0.31291920915106763       0.33064208483358049       0.33736577038204285       0.33790145122254112       0.33797537895086971       0.33801716440957219       0.33812013458434759       0.33816006344334137       0.33818184658136785       0.33821578126452972       0.33828642654098778       0.33836264098653784       0.33839341966268421       0.33846742580357331       0.33854550214409157       0.33857302137763945       0.33859352395683640       0.33860343284323258     
  -19.473684210526315       0.30954186886991913       0.30962929273379186       0.31070661106325459       0.32289441651842749       0.33622023583857558       0.33779262960321604       0.33795904797792731       0.33799477432489672       0.33807749006074661       0.33815174832077277       0.33817090613497919       0.33820329369347479       0.33824818091013531       0.33834590690594046       0.33837963284161771       0.33842788366810544       0.33852777008740614       0.33856126863130143       0.33858845731785508       0.33859943480556359     
  -18.947368421052630       0.30953502770530866       0.30957581931855910       0.30995201515747789       0.31563371090547188       0.33302251827115575       0.33750931659170341       0.33791891245100014       0.33798018899536497       0.33803531230554973       0.33813303145087270       0.33816316558722770       0.33818961968344913       0.33822507783848549       0.33831246454377784       0.33836834430405222       0.33840360098951244       0.33849251592346247       0.33855088030757902       0.33857921016610104       0.33859543629124789     
  -18.421052631578949       0.30952846301692383       0.30954991917566110       0.30970174960199154       0.31175917031108485       0.32641299868462248       0.33664996046612999       0.33781970579340820       0.33796338907346934       0.33800534751957895       0.33809607918475992       0.33815512147291604       0.33817658473102657       0.33821008747645026       0.33826894812743497       0.33835493741567668       0.33838686551116209       0.33844759120261009       0.33853674355471841       0.33856703340130001       0.33859085601259076     
  -17.894736842105264       0.30952028639559359       0.30953843421150995       0.30960511127727208       0.31029811431196147       0.31835796322099835       0.33415322400181785       0.33756231448312762       0.33792523713950079       0.33798498901189422       0.33805080673830429       0.33813947491465213       0.33816634108527766       0.33819576593279116       0.33823607674701778       0.33832869881070055       0.33837317646576354       0.33841425195448649       0.33850824128926016       0.33855515579060347       0.33858296482809203     
  -17.368421052631579       0.30951278205150790       0.30953099256811112       0.30956153305990713       0.30981290904278708       0.31300175002199893       0.32844465526785321       0.33679753121839195       0.33782493211953618       0.33796463391184151       0.33801484379930086       0.33810680783554392       0.33815719735573768       0.33818148089326389       0.33821609602248537       0.33828649329106819       0.33835983478202325       0.33839327917018119       0.33846390629599621       0.33854150517028897       0.33857117938433656     
  -16.842105263157894       0.30950453949797480       0.30952254829871118       0.30954267220744508       0.30964405299096470       0.31073086606649603       0.32032329986006913       0.33455437614798667       0.33755493407687320       0.33792209336451595       0.33798871459038310       0.33806106619990450       0.33814207160932203       0.33816915467854403       0.33820017697816979       0.33824682119786503       0.33833712124833104       0.33837715154942993       0.33842395617017645       0.33851632727056524       0.33855831357483113     
  -16.315789473684212       0.30948763159044557       0.30951392543274842       0.30953288648593741       0.30957581208688523       0.30994999117756677       0.31404202583776220       0.32923528879082747       0.33675721112910395       0.33780672956029273       0.33796211125510967       0.33802086751079669       0.33811088584449456       0.33815821143648134       0.33818478076172592       0.33822120776796094       0.33829741456507201       0.33836242781683840       0.33839824646344308       0.33847372969534062       0.33854376009326687     
  -15.789473684210527       0.30945253701531689       0.30950443472122507       0.30952368873701225       0.30954745278044860       0.30968794113489412       0.31111528294672808       0.32118817627191765       0.33443582572347164       0.33748303203755364       0.33790719138045794       0.33798919759082624       0.33806483467953002       0.33814173720720708       0.33817083357767291       0.33820280538997427       0.33825441589342009       0.33834019582491931       0.33837965384948510       0.33843033332927386       0.33851886638118800     
  -15.263157894736842       0.30940490306391250       0.30948606359531383       0.30951397697617766       0.30953420650549457       0.30959014450017819       0.31007239418494165       0.31454413306629447       0.32899535488914677       0.33652200246453762       0.33775454397226579       0.33795265735368313       0.33802154119327116       0.33810915457630103       0.33815773567272595       0.33818609062167393       0.33822434201479978       0.33830130042133427       0.33836293814272617       0.33840087654077461       0.33847653039150133     
  -14.736842105263158       0.30936153875384109       0.30944878577118151       0.30950244535866545       0.30952356024438527       0.30955165959561631       0.30972436378495677       0.31130788803308518       0.32091810716129743       0.33379136242259222       0.33731145490795461       0.33787166084018821       0.33798325388519979       0.33806155643635871       0.33813814742899678       0.33817065527167822       0.33820329422761913       0.33825688780010299       0.33833889913902004       0.33837999637082811       0.33843171356170249     
  -14.210526315789473       0.30931184150958718       0.30939778916537419       0.30948007798355953       0.30951235651081160       0.30953451192630083       0.30960027831137754       0.31013176010520593       0.31438211986229464       0.32775958924317877       0.33599423084711283       0.33763959698726786       0.33792863437700849       0.33801479530182182       0.33810127763734665       0.33815483512441691       0.33818505835475782       0.33822423586038436       0.33829851770030728       0.33836080690763903       0.33840023796708690     
  -13.684210526315789       0.30920095097452083       0.30934512490236926       0.30943693877160799       0.30949731651072404       0.30952175934769133       0.30955363152563270       0.30973865331976469       0.31124074660189893       0.31961913241327633       0.33243522692375888       0.33695032542679032       0.33779246773828486       0.33796480893525249       0.33805021309211009       0.33812981081163934       0.33816785369599200       0.33820103748721431       0.33825353927310520       0.33833285023251253       0.33837746535106084     
  -13.157894736842106       0.30886838817862500       0.30926406022355118       0.30937885230332163       0.30946724703180734       0.30950797846385125       0.30953290847400938       0.30960186732948730       0.31010380325351805       0.31364777679800049       0.32545411123097789       0.33493983427839441       0.33739019591303937       0.33787110818684224       0.33799620701736732       0.33808549273790417       0.33814780016767099       0.33818113584774667       0.33822005418278833       0.33828915183397135       0.33835488248658907     
  -12.631578947368421       0.30783286482138789       0.30904983976610456       0.30930463188544205       0.30941325399388447       0.30948616495653236       0.30951726228231452       0.30955169725796389       0.30972362824693900       0.31095444635318581       0.31753498976285371       0.33002293074334438       0.33618994322397477       0.33761038357655238       0.33791820632893643       0.33802734318965244       0.33811361905667148       0.33816107072130702       0.33819535531006994       0.33824450989515553       0.33832067382773595     
  -12.105263157894736       0.30491396815533162       0.30838817119905054       0.30914591818344911       0.30933757624445846       0.30944207017907266       0.30949811093265234       0.30952797298383172       0.30959312036417080       0.31000205308138590       0.31259309210272046       0.32210825400764881       0.33290524846627023       0.33682685847376320       0.33772884573128453       0.33795236497739345       0.33805755312912178       0.33813310050545747       0.33817317337735281       0.33821140208947004       0.33827325282130605     
  -11.578947368421053       0.29865383034513127       0.30641755878133992       0.30867672919915029       0.30920199908163731       0.30936700024706132       0.30946220519611950       0.30950735042824723       0.30954440666442679       0.30968437182032615       0.31056233092318142       0.31510937299424541       0.32620699959569871       0.33456823209284275       0.33716686930355155       0.33779709721382573       0.33798056682094413       0.33808342230466393       0.33814692425851839       0.33818520309003219       0.33823029003073435     
  -11.052631578947368       0.29051543794685003       0.30156980684129020       0.30724834471492585       0.30883185692513587       0.30923770877046081       0.30939131423246213       0.30947514788388530       0.30951669873017457       0.30957520627863616       0.30986561796342210       0.31152001409901942       0.31816909813056377       0.32924266497143917       0.33550642901347100       0.33735439746306334       0.33783887352649677       0.33800463034125144       0.33810278854944470       0.33815788487705073       0.33819765116501643     
  -10.526315789473685       0.28461490176425569       0.29366474584345870       0.30344248335689417       0.30770333584100346       0.30891383362715530       0.30926058757766656       0.30940818883232851       0.30948346821758566       0.30952888968487763       0.30963328661984135       0.31018177757826459       0.31289143099302869       0.32118894803737597       0.33125044609567028       0.33603299068500303       0.33745648378403126       0.33786448106996897       0.33802380422340872       0.33811605602097450       0.33816724391505670     
  -10.000000000000000       0.28143192670454753       0.28638879667178213       0.29619559920924105       0.30456257086992955       0.30793960679033050       0.30894914821716551       0.30927165667107653       0.30941658481684192       0.30948892878598960       0.30954754774051968       0.30973302131703001       0.31065931666476865       0.31453140575949962       0.32369689126354062       0.33248317381153497       0.33631595041757306       0.33750454643543887       0.33787742861834852       0.33803642072286100       0.33812438286763558     
