 0.00000000e+00  3.70000000e+00  3.75263158e+00  3.80526316e+00  3.85789474e+00  3.91052632e+00  3.96315789e+00  4.01578947e+00  4.06842105e+00  4.12105263e+00  4.17368421e+00  4.22631579e+00  4.27894737e+00  4.33157895e+00  4.38421053e+00  4.43684211e+00  4.48947368e+00  4.54210526e+00  4.59473684e+00  4.64736842e+00  4.70000000e+00
-2.00000000e+01  3.00486846e+00  1.12590603e+02  1.06458830e+03  6.64666392e+02  5.15758450e+02  2.63390956e+03  3.64948648e+03  1.42257713e+03  2.44978135e+03  5.84533934e+03  4.37437080e+03  4.14978648e+02  4.30291253e+02  5.96201987e+02  5.96201987e+02  9.90166330e+02  1.52949956e+03  1.39933838e+02  1.90721903e+01  2.69534998e+00
-1.94736842e+01  1.06810095e+01  6.66859488e+00  1.23063356e+03  8.56566504e+02  5.96201987e+02  1.83329853e+03  4.53578396e+03  1.97109122e+03  1.64445839e+03  6.06103086e+03  4.87669836e+03  9.20946965e+02  3.72233496e+02  5.74985182e+02  6.41013170e+02  6.89192411e+02  1.37195244e+03  3.85968816e+02  2.94606126e+01  4.81286227e+00
-1.89473684e+01  3.53122677e+01  1.94528959e+00  9.90166330e+02  1.10387133e+03  6.18201687e+02  1.47506986e+03  4.06857251e+03  2.63390956e+03  1.32312931e+03  4.87669836e+03  4.87669836e+03  1.90094677e+03  3.33891336e+02  4.97404357e+02  6.89192411e+02  5.74985182e+02  1.27604363e+03  7.68335300e+02  3.79663758e+01  6.66859488e+00
-1.84210526e+01  1.16745168e+02  2.79480770e+00  3.72233496e+02  1.23063356e+03  7.96686675e+02  1.10387133e+03  4.06857251e+03  3.27356870e+03  1.42257713e+03  3.92378582e+03  5.24323626e+03  3.27356870e+03  3.58986969e+02  4.62632407e+02  6.89192411e+02  5.74985182e+02  9.90166330e+02  1.02670321e+03  5.65592415e+01  9.93433428e+00
-1.78947368e+01  3.33891336e+02  8.28809911e+00  7.55784030e+01  1.32312931e+03  1.02670321e+03  9.20946965e+02  3.27356870e+03  4.37437080e+03  1.97109122e+03  2.63390956e+03  5.84533934e+03  4.06857251e+03  5.15758450e+02  4.62632407e+02  6.18201687e+02  6.18201687e+02  8.26084209e+02  1.10387133e+03  1.12590603e+02  1.77389144e+01
-1.73684211e+01  7.40992854e+02  2.64260026e+01  8.28809911e+00  1.23063356e+03  1.37195244e+03  9.54929671e+02  2.63390956e+03  4.70315322e+03  2.63390956e+03  2.11924056e+03  5.05664728e+03  4.37437080e+03  9.54929671e+02  4.14978648e+02  5.54523410e+02  7.14623433e+02  6.64666392e+02  9.54929671e+02  2.78561644e+02  3.05477017e+01
-1.68421053e+01  1.02670321e+03  7.55784030e+01  4.81286227e+00  6.41013170e+02  1.47506986e+03  1.10387133e+03  1.97109122e+03  4.06857251e+03  3.39436254e+03  1.83329853e+03  4.53578396e+03  4.87669836e+03  1.97109122e+03  4.30291253e+02  5.15758450e+02  7.14623433e+02  6.41013170e+02  8.88173588e+02  5.34789804e+02  3.93673253e+01
-1.63157895e+01  1.10387133e+03  2.24130374e+02  9.58080504e+00  2.16154334e+02  1.83329853e+03  1.23063356e+03  1.52949956e+03  3.51961365e+03  3.92378582e+03  2.19743999e+03  3.15707350e+03  4.53578396e+03  2.93637257e+03  4.79703424e+02  4.97404357e+02  6.41013170e+02  6.64666392e+02  7.40992854e+02  6.89192411e+02  6.08102950e+01
-1.57894737e+01  1.10387133e+03  5.96201987e+02  2.74011153e+01  3.40556239e+01  1.58593770e+03  1.52949956e+03  1.37195244e+03  2.73110014e+03  5.05664728e+03  2.63390956e+03  2.44978135e+03  4.37437080e+03  3.39436254e+03  7.68335300e+02  4.97404357e+02  6.18201687e+02  7.14623433e+02  6.41013170e+02  6.89192411e+02  1.21053034e+02
-1.52631579e+01  1.06458830e+03  1.27604363e+03  8.42573918e+01  1.53454621e+01  9.54929671e+02  2.19743999e+03  1.52949956e+03  2.27852496e+03  4.37437080e+03  3.39436254e+03  2.19743999e+03  3.78415160e+03  3.78415160e+03  1.42257713e+03  4.97404357e+02  5.54523410e+02  6.89192411e+02  6.64666392e+02  6.41013170e+02  2.68648580e+02
-1.47368421e+01  9.20946965e+02  1.70513849e+03  2.99498637e+02  2.28604306e+01  4.00210966e+02  2.04382398e+03  1.70513849e+03  1.97109122e+03  3.27356870e+03  3.92378582e+03  2.63390956e+03  3.04472397e+03  3.64948648e+03  2.27852496e+03  5.74985182e+02  5.34789804e+02  6.64666392e+02  6.89192411e+02  5.96201987e+02  4.14978648e+02
-1.42105263e+01  8.88173588e+02  2.44978135e+03  9.90166330e+02  6.53808622e+01  1.56003035e+02  2.04382398e+03  2.11924056e+03  1.58593770e+03  2.73110014e+03  4.37437080e+03  3.15707350e+03  2.44978135e+03  3.39436254e+03  2.73110014e+03  7.14623433e+02  5.15758450e+02  6.18201687e+02  7.14623433e+02  5.74985182e+02  4.97404357e+02
-1.36842105e+01  7.68335300e+02  2.73110014e+03  3.04472397e+03  2.49868216e+02  1.16745168e+02  1.32312931e+03  2.54017766e+03  1.64445839e+03  2.36260195e+03  3.92378582e+03  3.39436254e+03  2.63390956e+03  2.93637257e+03  2.73110014e+03  1.14460390e+03  5.15758450e+02  5.96201987e+02  6.64666392e+02  5.54523410e+02  4.62632407e+02
-1.31578947e+01  7.68335300e+02  2.83187704e+03  8.70791464e+03  1.42257713e+03  2.40976254e+02  1.32312931e+03  2.73110014e+03  1.76805766e+03  1.97109122e+03  3.04472397e+03  4.06857251e+03  2.83187704e+03  2.27852496e+03  2.54017766e+03  1.64445839e+03  5.96201987e+02  5.74985182e+02  6.89192411e+02  5.96201987e+02  4.79703424e+02
-1.26315789e+01  6.64666392e+02  2.93637257e+03  1.67176784e+04  9.70788143e+03  1.14460390e+03  1.83329853e+03  3.15707350e+03  2.63390956e+03  1.58593770e+03  1.90094677e+03  3.78415160e+03  3.27356870e+03  2.27852496e+03  2.11924056e+03  1.90094677e+03  7.96686675e+02  5.34789804e+02  5.96201987e+02  6.89192411e+02  4.62632407e+02
-1.21052632e+01  6.64666392e+02  2.93637257e+03  2.67765077e+04  6.16168611e+04  8.39802951e+03  4.70315322e+03  4.70315322e+03  2.93637257e+03  1.64445839e+03  1.76805766e+03  2.93637257e+03  3.51961365e+03  2.19743999e+03  1.83329853e+03  1.83329853e+03  1.10387133e+03  5.54523410e+02  5.74985182e+02  6.89192411e+02  5.34789804e+02
-1.15789474e+01  7.40992854e+02  2.83187704e+03  2.98513677e+04  3.38319952e+05  1.31877794e+05  2.87890589e+04  1.44620180e+04  5.05664728e+03  2.19743999e+03  1.58593770e+03  1.76805766e+03  2.93637257e+03  2.73110014e+03  1.76805766e+03  1.76805766e+03  1.42257713e+03  6.41013170e+02  5.15758450e+02  5.96201987e+02  6.41013170e+02
-1.10526316e+01  7.14623433e+02  2.73110014e+03  3.20950287e+04  1.04032104e+06  1.11851269e+06  1.82726937e+05  5.94241261e+04  1.25107064e+04  4.06857251e+03  1.64445839e+03  1.27604363e+03  2.27852496e+03  2.63390956e+03  1.83329853e+03  1.47506986e+03  1.47506986e+03  8.26084209e+02  5.74985182e+02  5.54523410e+02  6.18201687e+02
-1.05263158e+01  7.96686675e+02  2.63390956e+03  3.98894795e+04  1.39014953e+06  4.59594498e+06  1.54978630e+06  3.14669085e+05  5.52699753e+04  9.36241088e+03  2.63390956e+03  1.14460390e+03  1.42257713e+03  2.27852496e+03  2.04382398e+03  1.42257713e+03  1.27604363e+03  1.06458830e+03  6.18201687e+02  5.15758450e+02  5.96201987e+02
-1.00000000e+01  8.26084209e+02  2.93637257e+03  3.84699483e+04  2.14734941e+06  1.22255252e+07  7.36127072e+06  1.39014953e+06  2.62524744e+05  3.71009334e+04  6.28468134e+03  1.70513849e+03  1.06458830e+03  1.83329853e+03  1.97109122e+03  1.42257713e+03  1.14460390e+03  1.23063356e+03  7.68335300e+02  5.54523410e+02  5.54523410e+02