   0.0000000000000000        4.0999999999999996        4.1315789473684204        4.1631578947368419        4.1947368421052627        4.2263157894736842        4.2578947368421050        4.2894736842105265        4.3210526315789473        4.3526315789473680        4.3842105263157896        4.4157894736842103        4.4473684210526319        4.4789473684210526        4.5105263157894733        4.5421052631578949        4.5736842105263156        4.6052631578947372        4.6368421052631579        4.6684210526315795        4.7000000000000002     
  -20.000000000000000        162.04192063276116        427.42767286380683        588.65481743076884        694.37574428372932        759.76773254040245        432.07851319871492        146.34576421920818        207.26338960630520        285.99078903867428        343.45743450862437        385.13876680917906        388.28525312162208        593.65425852989324        774.95043330793362        767.27938812838033        436.88581918045480        78.407082021665829        39.138043990716554        14.498878127272940        4.6140927782623242     
  -19.473684210526315        144.92580629873234        349.90113713900070        580.80998110333462        698.05200512361114        786.03588339567318        667.43150245392803        212.25343111220170        191.11796677804156        287.90658183460596        353.29366300455445        407.57199634794290        417.68195993638784        522.82604098098989        753.42545765522505        783.03465944208165        627.86126176954292        151.81115124404801        53.593270641647173        23.122609785919138        9.3206956600440058     
  -18.947368421052630        140.86723051160652        266.55398005353697        555.19711210851221        699.46076622027363        796.34886118261056        811.12586456090730        377.60915927436434        194.63519777103372        281.24879775852867        359.14946771765227        423.17338361518415        461.70118066041607        497.44372170208760        706.09173315120188        786.12762427644157        725.82637446947922        311.07818218013233        73.337514128023074        38.641247351021839        15.060948847137277     
  -18.421052631578949        139.87342775287831        225.14505452324315        491.93907784462789        695.22779204393362        803.15180852296362        869.17315372287828        632.40240313813968        240.89882719223240        266.69440454489302        362.62976968189366        436.81661208215115        494.66329359787869        511.47550860447996        647.53273187018294        780.98276287813326        762.14863891901371        518.09024176288767        121.51040225157075        56.794313510703304        23.517435904871352     
  -17.894736842105264        139.63081323221004        213.21890730279512        398.83795453165209        677.35236467252696        807.90506032459064        890.75980794915949        839.56032807237330        375.22185749312104        264.03311289480769        361.09696301045085        445.48463008687764        515.37330263918614        551.66412045970844        614.94835939126119        764.47684351942723        774.52988043988864        660.71191985386031        237.90190931165711        76.079104928576697        39.140554920830432     
  -17.368421052631579        139.67283540855811        210.20884823841331        334.39849802399601        627.69469406671931        807.12164752560602        902.49497768421531        938.24731825161916        621.39877481107021        300.58332639987634        352.08472006031570        449.57020015719502        532.20775116574430        591.28383219908005        619.42465402315372        738.13674437053567        779.54840986439990        722.35873479458542        425.96356412144752        113.32193265896990        60.384745022354352     
  -16.842105263157894        140.02483062564281        209.45428298453476        311.56530812370767        540.90278760021340        794.56397357049241        911.45744106426662        976.15568263211844        865.73620987954530        419.13325502806282        350.08538819952076        449.87907942618966        543.66297466509491        617.48845742324863        653.70477313820084        720.61632012560881        783.75313799446360        745.62506661842474        589.47120703763869        204.01425240652142        82.049085578215212     
  -16.315789473684212        140.92297051089525        209.47515856031129        305.46046785008713        467.18824726269747        755.60258611466429        914.66568074064674        995.00695494913271        999.81112843871597        654.14973207282742        385.32395136275960        446.02884251211862        548.13399857455147        637.18650242402634        695.14629762198365        727.52366534136786        790.71224402922667        759.26989434694940        671.55298899604020        366.66911002757121        115.95085551809002     
  -15.789473684210527        142.29655591345957        210.21414328657980        303.94452472790726        436.93907630732474        682.57650417484319        906.88007679676730        1009.2749240513988        1054.5404737127080        911.31710065623997        502.11830354038523        449.88503647706352        548.57430722947618        650.54442532147402        725.14321944423011        759.86787464855843        802.71040541394370        779.74054498849455        705.18630716188159        528.59442822437541        194.16376217633302     
  -15.263157894736842        143.21217879653219        212.24759337932730        304.04356237184368        428.47272364232629        616.06275217494306        877.75221931984015        1017.3161884488263        1081.8368250908175        1064.3062808493548        733.57740952044503        492.44314782275234        549.10363344785821        654.90162268339304        747.02001546114548        800.88126553745906        824.17163144988547        816.90844016777953        727.65321275095300        618.93944466612822        337.05918668615334     
  -14.736842105263158        143.81330692028021        215.96663603462613        305.69860251613949        426.52539005184860        587.77147208531346        823.93921548291291        1015.3738958177622        1102.5819507053868        1130.6855012856099        987.03807225627577        620.50275737396157        562.88576440916256        655.28328189572687        760.95747437441480        832.30278985869268        860.34138274730310        862.25424631140629        764.80426840291921        659.58384642538419        484.71207499979045     
  -14.210526315789473        147.12883277276262        220.52596180670020        310.19654426936700        427.24660929091550        580.05720531274494        778.93489127427620        999.01939969520913        1116.7720573126840        1166.4908003003802        1139.5403889841346        855.51346660686977        622.09708907520394        661.51183957073260        764.61436871987564        855.10102044145117        900.71846241829530        904.13772646488758        831.39190748144813        692.09506111245707        570.92988721948609     
  -13.684210526315789        156.07353151288618        225.82103865974480        318.67306117906423        431.21787892463323        578.97907619645082        762.47912380743162        972.95966689789793        1124.3036289465269        1195.0611711850001        1210.3395601072939        1091.4115671478894        773.29690089916789        690.62005535162450        766.78827302144794        868.20518231340247        931.77027371657312        947.33484097345126        907.15388690281975        750.11891311490740        614.95203131689982     
  -13.157894736842106        171.37653109263394        234.95138532835696        330.20863752528481        441.23760649449821        581.93933598171509        759.39090960408521        959.85474073962655        1129.8808770871149        1218.4523512860101        1255.1008257407907        1228.2530204931679        1011.1369621595579        777.34126671918830        783.65329569852759        871.87247326834506        954.09542745106955        986.89237130118966        967.25995852584288        846.72944733744032        661.07141921810125     
  -12.631578947368421        194.71076174136164        252.15704997257743        344.30374011910675        459.36691230193696        591.84195941757002        761.58652442398454        960.44858755355233        1143.3407771848110        1244.8262571193422        1294.4439681302358        1300.9471522206175        1215.7484759195090        958.93916146360857        837.09727881516778        881.41961158345180        966.02475525406237        1016.7069672543831        1015.9270749129486        944.47876716116912        746.99041328699923     
  -12.105263157894736        230.01677974918215        281.99066224796451        365.62620400477294        484.00036402780245        614.33000475518611        771.08031427182357        964.88582559119993        1164.4775490447437        1289.2570337491061        1335.6464887393010        1359.3475415281225        1334.4315984935927        1187.0822458600662        963.47134341693209        918.81734360586836        974.59006167027690        1038.1084059928542        1053.8635803671975        1014.3108959347715        870.35510301962586     
  -11.578947368421053        288.95782510609052        335.58206803418062        404.99632557988917        516.28214048874702        652.11222089521152        796.31762163487235        975.42211468241942        1181.0760675772383        1348.5701946471759        1400.8204365823178        1418.4158215249884        1420.0742686467734        1357.9727793312761        1171.3612666772081        1011.1046666160848        1003.2102273543197        1052.9818443911747        1083.1111330490116        1063.6315006542509        975.88998538432077     
  -11.052631578947368        433.65683041728801        441.92800269089901        486.49654429454051        573.16799140897217        705.24781939253307        847.78161507821835        1004.0286226745930        1197.5515686063977        1394.9889220556904        1500.3733296301707        1499.1879592035827        1506.7450656375754        1484.2749088160981        1380.5708668949444        1187.1751139843716        1078.6782516321903        1079.9010782786283        1107.7016971033897        1100.7598015226133        1044.8493776110097     
  -10.526315789473685        881.28584314500347        712.36156925381454        675.42004290193938        703.34630914369291        796.62166655980536        933.13182440381786        1071.4303293142241        1233.4554114347147        1427.9802783907840        1593.5935417868286        1629.9136844439754        1609.7870939763422        1616.7418152349644        1561.8428662003180        1416.8044963127604        1233.5693542051126        1150.0670917128687        1141.1931435447839        1135.4508603096356        1092.7121977676006     
  -10.000000000000000        2354.2273696605353        1535.3790649708142        1184.9530331648493        1042.4204169382849        1017.9674943146027        1089.8878067604551        1204.8667791100902        1324.9652773809389        1480.3465230038632        1659.2528003424961        1776.8947912869444        1766.9603998134960        1763.8060719925325        1771.1842878371685        1668.6479207896036        1481.0168572026887        1302.1110113620553        1217.3194901957042        1182.5925292289976        1138.3171119482868     
